[electr.jpg]
filters=dir_tint=1,0.478548,1.019868,0.000000,0.538012,ffffffff,0;sat=1,-0.146199;
moddate=6b39b6980a8fdc01
width=626
height=938
textactive=0
